# Blender v2.83.2 OBJ File: 'box-scene.blend'
# www.blender.org
mtllib box-scene.mtl
o Container.001_Cube.002
v 0.500000 1.100000 -0.500000
v 0.500000 0.100000 -0.500000
v 0.500000 1.100000 0.500000
v 0.500000 0.100000 0.500000
v -0.500000 1.100000 -0.500000
v -0.500000 0.100000 -0.500000
v -0.500000 1.100000 0.500000
v -0.500000 0.100000 0.500000
vt 0.000108 0.000173
vt 0.000108 -0.999654
vt 0.999936 -0.999654
vt 0.999935 0.000173
vt 0.999935 1.000000
vt 1.999762 0.000173
vt 1.999762 1.000000
vt 0.999936 1.999827
vt 0.999936 2.999654
vt 0.000109 2.999654
vt 0.000109 1.999827
vt 0.000109 1.000000
vt -0.999718 1.000000
vt -0.999719 0.000174
vn 0.0000 1.0000 0.0000
vn 0.0000 0.0000 1.0000
vn -1.0000 0.0000 0.0000
vn 0.0000 -1.0000 0.0000
vn 1.0000 0.0000 0.0000
vn 0.0000 0.0000 -1.0000
usemtl Material
s off
f 1/1/1 5/2/1 7/3/1 3/4/1
f 4/5/2 3/4/2 7/6/2 8/7/2
f 8/8/3 7/9/3 5/10/3 6/11/3
f 6/11/4 2/12/4 4/5/4 8/8/4
f 2/12/5 1/1/5 3/4/5 4/5/5
f 6/13/6 5/14/6 1/1/6 2/12/6
o Container.002_Cube.001
v 15.000000 0.000000 -15.000000
v 15.000000 -10.000000 -15.000000
v 15.000000 0.000000 15.000000
v 15.000000 -10.000000 15.000000
v -15.000000 0.000000 -15.000000
v -15.000000 -10.000000 -15.000000
v -15.000000 0.000000 15.000000
v -15.000000 -10.000000 15.000000
vt 0.000108 0.000173
vt 0.000108 -0.999654
vt 0.999936 -0.999654
vt 0.999935 0.000173
vt 0.999935 1.000000
vt 1.999762 0.000173
vt 1.999762 1.000000
vt 0.999936 1.999827
vt 0.999936 2.999654
vt 0.000109 2.999654
vt 0.000109 1.999827
vt 0.000109 1.000000
vt -0.999718 1.000000
vt -0.999719 0.000174
vn 0.0000 1.0000 0.0000
vn 0.0000 0.0000 1.0000
vn -1.0000 0.0000 0.0000
vn 0.0000 -1.0000 0.0000
vn 1.0000 0.0000 0.0000
vn 0.0000 0.0000 -1.0000
usemtl Material
s off
f 9/15/7 13/16/7 15/17/7 11/18/7
f 12/19/8 11/18/8 15/20/8 16/21/8
f 16/22/9 15/23/9 13/24/9 14/25/9
f 14/25/10 10/26/10 12/19/10 16/22/10
f 10/26/11 9/15/11 11/18/11 12/19/11
f 14/27/12 13/28/12 9/15/12 10/26/12
o Container.003_Cube.003
v -1.892153 0.978889 1.220768
v -1.835888 0.745660 1.406584
v -2.035490 1.123553 1.445747
v -1.979226 0.890324 1.631564
v -2.153644 0.849407 1.137426
v -2.097379 0.616178 1.323243
v -2.296982 0.994071 1.362406
v -2.240717 0.760842 1.548222
vt 0.000108 0.000173
vt 0.000108 -0.999654
vt 0.999936 -0.999654
vt 0.999935 0.000173
vt 0.999935 1.000000
vt 1.999762 0.000173
vt 1.999762 1.000000
vt 0.999936 1.999827
vt 0.999936 2.999654
vt 0.000109 2.999654
vt 0.000109 1.999827
vt 0.000109 1.000000
vt -0.999718 1.000000
vt -0.999719 0.000174
vn -0.1854 0.7686 -0.6123
vn -0.4723 0.4767 0.7414
vn -0.8617 -0.4267 -0.2746
vn 0.1854 -0.7686 0.6123
vn 0.8617 0.4267 0.2746
vn 0.4723 -0.4767 -0.7414
usemtl Material
s off
f 17/29/13 21/30/13 23/31/13 19/32/13
f 20/33/14 19/32/14 23/34/14 24/35/14
f 24/36/15 23/37/15 21/38/15 22/39/15
f 22/39/16 18/40/16 20/33/16 24/36/16
f 18/40/17 17/29/17 19/32/17 20/33/17
f 22/41/18 21/42/18 17/29/18 18/40/18
o Container.004_Cube.004
v 4.057803 2.556439 1.788044
v 3.025838 3.293230 2.949997
v 2.705177 2.278958 0.762687
v 1.673213 3.015748 1.924641
v 3.806009 1.027357 2.534003
v 2.774044 1.764148 3.695957
v 2.453383 0.749876 1.508647
v 1.421418 1.486666 2.670600
vt 0.000108 0.000173
vt 0.000108 -0.999654
vt 0.999936 -0.999654
vt 0.999935 0.000173
vt 0.999935 1.000000
vt 1.999762 0.000173
vt 1.999762 1.000000
vt 0.999936 1.999827
vt 0.999936 2.999654
vt 0.000109 2.999654
vt 0.000109 1.999827
vt 0.000109 1.000000
vt -0.999718 1.000000
vt -0.999719 0.000174
vn 0.6000 -0.4284 -0.6756
vn -0.7865 -0.1613 -0.5962
vn -0.1464 -0.8891 0.4337
vn -0.6000 0.4284 0.6756
vn 0.1464 0.8891 -0.4337
vn 0.7865 0.1613 0.5962
usemtl Material
s off
f 25/43/19 29/44/19 31/45/19 27/46/19
f 28/47/20 27/46/20 31/48/20 32/49/20
f 32/50/21 31/51/21 29/52/21 30/53/21
f 30/53/22 26/54/22 28/47/22 32/50/22
f 26/54/23 25/43/23 27/46/23 28/47/23
f 30/55/24 29/56/24 25/43/24 26/54/24
o Container.005_Cube.005
v -12.012074 0.944113 -2.609501
v -12.012074 -1.456784 -2.609501
v -12.012074 0.944113 -0.208605
v -12.012074 -1.456784 -0.208605
v -14.412971 0.944113 -2.609501
v -14.412971 -1.456784 -2.609501
v -14.412971 0.944113 -0.208605
v -14.412971 -1.456784 -0.208605
vt 0.000108 0.000173
vt 0.000108 -0.999654
vt 0.999936 -0.999654
vt 0.999935 0.000173
vt 0.999935 1.000000
vt 1.999762 0.000173
vt 1.999762 1.000000
vt 0.999936 1.999827
vt 0.999936 2.999654
vt 0.000109 2.999654
vt 0.000109 1.999827
vt 0.000109 1.000000
vt -0.999718 1.000000
vt -0.999719 0.000174
vn 0.0000 1.0000 0.0000
vn 0.0000 0.0000 1.0000
vn -1.0000 0.0000 0.0000
vn 0.0000 -1.0000 0.0000
vn 1.0000 0.0000 0.0000
vn 0.0000 0.0000 -1.0000
usemtl Material
s off
f 33/57/25 37/58/25 39/59/25 35/60/25
f 36/61/26 35/60/26 39/62/26 40/63/26
f 40/64/27 39/65/27 37/66/27 38/67/27
f 38/67/28 34/68/28 36/61/28 40/64/28
f 34/68/29 33/57/29 35/60/29 36/61/29
f 38/69/30 37/70/30 33/57/30 34/68/30
o Container.006_Cube.006
v 4.455319 2.767991 -2.039868
v 4.455319 -3.624512 -2.039868
v 4.455319 2.767991 -1.039868
v 4.455319 -3.624512 -1.039868
v 3.455320 2.767991 -2.039868
v 3.455320 -3.624512 -2.039868
v 3.455320 2.767991 -1.039868
v 3.455320 -3.624512 -1.039868
vt 0.000108 0.000173
vt 0.000108 -0.999654
vt 0.999936 -0.999654
vt 0.999935 0.000173
vt 0.999935 1.000000
vt 1.999762 0.000173
vt 1.999762 1.000000
vt 0.999936 1.999827
vt 0.999936 2.999654
vt 0.000109 2.999654
vt 0.000109 1.999827
vt 0.000109 1.000000
vt -0.999718 1.000000
vt -0.999719 0.000174
vn 0.0000 1.0000 0.0000
vn 0.0000 0.0000 1.0000
vn -1.0000 0.0000 0.0000
vn 0.0000 -1.0000 0.0000
vn 1.0000 0.0000 0.0000
vn 0.0000 0.0000 -1.0000
usemtl Material
s off
f 41/71/31 45/72/31 47/73/31 43/74/31
f 44/75/32 43/74/32 47/76/32 48/77/32
f 48/78/33 47/79/33 45/80/33 46/81/33
f 46/81/34 42/82/34 44/75/34 48/78/34
f 42/82/35 41/71/35 43/74/35 44/75/35
f 46/83/36 45/84/36 41/71/36 42/82/36
o Container.008_Cube.007
v 0.598836 0.640856 -5.500000
v 0.940856 -0.298836 -5.500000
v 0.598836 0.640856 -4.500000
v 0.940856 -0.298836 -4.500000
v -0.340856 0.298836 -5.500000
v 0.001164 -0.640856 -5.500000
v -0.340856 0.298836 -4.500000
v 0.001164 -0.640856 -4.500000
vt 0.000108 0.000173
vt 0.000108 -0.999654
vt 0.999936 -0.999654
vt 0.999935 0.000173
vt 0.999935 1.000000
vt 1.999762 0.000173
vt 1.999762 1.000000
vt 0.999936 1.999827
vt 0.999936 2.999654
vt 0.000109 2.999654
vt 0.000109 1.999827
vt 0.000109 1.000000
vt -0.999718 1.000000
vt -0.999719 0.000174
vn -0.3420 0.9397 0.0000
vn 0.0000 0.0000 1.0000
vn -0.9397 -0.3420 0.0000
vn 0.3420 -0.9397 0.0000
vn 0.9397 0.3420 0.0000
vn 0.0000 0.0000 -1.0000
usemtl Material
s off
f 49/85/37 53/86/37 55/87/37 51/88/37
f 52/89/38 51/88/38 55/90/38 56/91/38
f 56/92/39 55/93/39 53/94/39 54/95/39
f 54/95/40 50/96/40 52/89/40 56/92/40
f 50/96/41 49/85/41 51/88/41 52/89/41
f 54/97/42 53/98/42 49/85/42 50/96/42
o Container.010_Cube.009
v 15.500000 3.100000 -15.000000
v 15.500000 -1.900000 -15.000000
v 15.500000 3.100000 15.000000
v 15.500000 -1.900000 15.000000
v 14.500000 3.100000 -15.000000
v 14.500000 -1.900000 -15.000000
v 14.500000 3.100000 15.000000
v 14.500000 -1.900000 15.000000
vt 0.000108 0.000173
vt 0.000108 -0.999654
vt 0.999936 -0.999654
vt 0.999935 0.000173
vt 0.999935 1.000000
vt 1.999762 0.000173
vt 1.999762 1.000000
vt 0.999936 1.999827
vt 0.999936 2.999654
vt 0.000109 2.999654
vt 0.000109 1.999827
vt 0.000109 1.000000
vt -0.999718 1.000000
vt -0.999719 0.000174
vn 0.0000 1.0000 0.0000
vn 0.0000 0.0000 1.0000
vn -1.0000 0.0000 0.0000
vn 0.0000 -1.0000 0.0000
vn 1.0000 0.0000 0.0000
vn 0.0000 0.0000 -1.0000
usemtl Material
s off
f 57/99/43 61/100/43 63/101/43 59/102/43
f 60/103/44 59/102/44 63/104/44 64/105/44
f 64/106/45 63/107/45 61/108/45 62/109/45
f 62/109/46 58/110/46 60/103/46 64/106/46
f 58/110/47 57/99/47 59/102/47 60/103/47
f 62/111/48 61/112/48 57/99/48 58/110/48
o Container.011_Cube.010
v -14.500000 3.100000 -15.000000
v -14.500000 -1.900000 -15.000000
v -14.500000 3.100000 15.000000
v -14.500000 -1.900000 15.000000
v -15.500000 3.100000 -15.000000
v -15.500000 -1.900000 -15.000000
v -15.500000 3.100000 15.000000
v -15.500000 -1.900000 15.000000
vt 0.000108 0.000173
vt 0.000108 -0.999654
vt 0.999936 -0.999654
vt 0.999935 0.000173
vt 0.999935 1.000000
vt 1.999762 0.000173
vt 1.999762 1.000000
vt 0.999936 1.999827
vt 0.999936 2.999654
vt 0.000109 2.999654
vt 0.000109 1.999827
vt 0.000109 1.000000
vt -0.999718 1.000000
vt -0.999719 0.000174
vn 0.0000 1.0000 0.0000
vn 0.0000 0.0000 1.0000
vn -1.0000 0.0000 0.0000
vn 0.0000 -1.0000 0.0000
vn 1.0000 0.0000 0.0000
vn 0.0000 0.0000 -1.0000
usemtl Material
s off
f 65/113/49 69/114/49 71/115/49 67/116/49
f 68/117/50 67/116/50 71/118/50 72/119/50
f 72/120/51 71/121/51 69/122/51 70/123/51
f 70/123/52 66/124/52 68/117/52 72/120/52
f 66/124/53 65/113/53 67/116/53 68/117/53
f 70/125/54 69/126/54 65/113/54 66/124/54
o Container.012_Cube.011
v -15.000000 3.100000 -15.499999
v -15.000000 -1.900000 -15.499999
v 15.000000 3.100000 -15.500001
v 15.000000 -1.900000 -15.500001
v -15.000000 3.100000 -14.499999
v -15.000000 -1.900000 -14.499999
v 15.000000 3.100000 -14.500001
v 15.000000 -1.900000 -14.500001
vt 0.000108 0.000173
vt 0.000108 -0.999654
vt 0.999936 -0.999654
vt 0.999935 0.000173
vt 0.999935 1.000000
vt 1.999762 0.000173
vt 1.999762 1.000000
vt 0.999936 1.999827
vt 0.999936 2.999654
vt 0.000109 2.999654
vt 0.000109 1.999827
vt 0.000109 1.000000
vt -0.999718 1.000000
vt -0.999719 0.000174
vn 0.0000 1.0000 0.0000
vn 1.0000 0.0000 0.0000
vn 0.0000 0.0000 1.0000
vn 0.0000 -1.0000 0.0000
vn -0.0000 0.0000 -1.0000
vn -1.0000 0.0000 0.0000
usemtl Material
s off
f 73/127/55 77/128/55 79/129/55 75/130/55
f 76/131/56 75/130/56 79/132/56 80/133/56
f 80/134/57 79/135/57 77/136/57 78/137/57
f 78/137/58 74/138/58 76/131/58 80/134/58
f 74/138/59 73/127/59 75/130/59 76/131/59
f 78/139/60 77/140/60 73/127/60 74/138/60
o Container.013_Cube.012
v -15.000000 3.100000 14.500001
v -15.000000 -1.900000 14.500001
v 15.000000 3.100000 14.499999
v 15.000000 -1.900000 14.499999
v -15.000000 3.100000 15.500001
v -15.000000 -1.900000 15.500001
v 15.000000 3.100000 15.499999
v 15.000000 -1.900000 15.499999
vt 0.000108 0.000173
vt 0.000108 -0.999654
vt 0.999936 -0.999654
vt 0.999935 0.000173
vt 0.999935 1.000000
vt 1.999762 0.000173
vt 1.999762 1.000000
vt 0.999936 1.999827
vt 0.999936 2.999654
vt 0.000109 2.999654
vt 0.000109 1.999827
vt 0.000109 1.000000
vt -0.999718 1.000000
vt -0.999719 0.000174
vn 0.0000 1.0000 0.0000
vn 1.0000 0.0000 0.0000
vn 0.0000 0.0000 1.0000
vn 0.0000 -1.0000 0.0000
vn -0.0000 0.0000 -1.0000
vn -1.0000 0.0000 0.0000
usemtl Material
s off
f 81/141/61 85/142/61 87/143/61 83/144/61
f 84/145/62 83/144/62 87/146/62 88/147/62
f 88/148/63 87/149/63 85/150/63 86/151/63
f 86/151/64 82/152/64 84/145/64 88/148/64
f 82/152/65 81/141/65 83/144/65 84/145/65
f 86/153/66 85/154/66 81/141/66 82/152/66
o Container.014_Cube.013
v -12.012074 1.144113 -6.123482
v -12.012074 -1.256784 -6.123482
v -12.012074 1.144113 -3.722585
v -12.012074 -1.256784 -3.722585
v -14.412971 1.144113 -6.123482
v -14.412971 -1.256784 -6.123482
v -14.412971 1.144113 -3.722585
v -14.412971 -1.256784 -3.722585
vt 0.000108 0.000173
vt 0.000108 -0.999654
vt 0.999936 -0.999654
vt 0.999935 0.000173
vt 0.999935 1.000000
vt 1.999762 0.000173
vt 1.999762 1.000000
vt 0.999936 1.999827
vt 0.999936 2.999654
vt 0.000109 2.999654
vt 0.000109 1.999827
vt 0.000109 1.000000
vt -0.999718 1.000000
vt -0.999719 0.000174
vn 0.0000 1.0000 0.0000
vn 0.0000 0.0000 1.0000
vn -1.0000 0.0000 0.0000
vn 0.0000 -1.0000 0.0000
vn 1.0000 0.0000 0.0000
vn 0.0000 0.0000 -1.0000
usemtl Material
s off
f 89/155/67 93/156/67 95/157/67 91/158/67
f 92/159/68 91/158/68 95/160/68 96/161/68
f 96/162/69 95/163/69 93/164/69 94/165/69
f 94/165/70 90/166/70 92/159/70 96/162/70
f 90/166/71 89/155/71 91/158/71 92/159/71
f 94/167/72 93/168/72 89/155/72 90/166/72
o Container.015_Cube.014
v -12.012074 0.744113 0.947404
v -12.012074 -1.656784 0.947404
v -12.012074 0.744113 3.348301
v -12.012074 -1.656784 3.348301
v -14.412971 0.744113 0.947404
v -14.412971 -1.656784 0.947404
v -14.412971 0.744113 3.348301
v -14.412971 -1.656784 3.348301
vt 0.000108 0.000173
vt 0.000108 -0.999654
vt 0.999936 -0.999654
vt 0.999935 0.000173
vt 0.999935 1.000000
vt 1.999762 0.000173
vt 1.999762 1.000000
vt 0.999936 1.999827
vt 0.999936 2.999654
vt 0.000109 2.999654
vt 0.000109 1.999827
vt 0.000109 1.000000
vt -0.999718 1.000000
vt -0.999719 0.000174
vn 0.0000 1.0000 0.0000
vn 0.0000 0.0000 1.0000
vn -1.0000 0.0000 0.0000
vn 0.0000 -1.0000 0.0000
vn 1.0000 0.0000 0.0000
vn 0.0000 0.0000 -1.0000
usemtl Material
s off
f 97/169/73 101/170/73 103/171/73 99/172/73
f 100/173/74 99/172/74 103/174/74 104/175/74
f 104/176/75 103/177/75 101/178/75 102/179/75
f 102/179/76 98/180/76 100/173/76 104/176/76
f 98/180/77 97/169/77 99/172/77 100/173/77
f 102/181/78 101/182/78 97/169/78 98/180/78
o Container.009_Cube.015
v 0.340856 0.298836 -5.500000
v -0.001164 -0.640856 -5.500000
v 0.340856 0.298836 -4.500000
v -0.001164 -0.640856 -4.500000
v -0.598836 0.640856 -5.500000
v -0.940856 -0.298836 -5.500000
v -0.598836 0.640856 -4.500000
v -0.940856 -0.298836 -4.500000
vt 0.000108 0.000173
vt 0.000108 -0.999654
vt 0.999936 -0.999654
vt 0.999935 0.000173
vt 0.999935 1.000000
vt 1.999762 0.000173
vt 1.999762 1.000000
vt 0.999936 1.999827
vt 0.999936 2.999654
vt 0.000109 2.999654
vt 0.000109 1.999827
vt 0.000109 1.000000
vt -0.999718 1.000000
vt -0.999719 0.000174
vn 0.3420 0.9397 0.0000
vn 0.0000 0.0000 1.0000
vn -0.9397 0.3420 0.0000
vn -0.3420 -0.9397 0.0000
vn 0.9397 -0.3420 0.0000
vn 0.0000 0.0000 -1.0000
usemtl Material
s off
f 105/183/79 109/184/79 111/185/79 107/186/79
f 108/187/80 107/186/80 111/188/80 112/189/80
f 112/190/81 111/191/81 109/192/81 110/193/81
f 110/193/82 106/194/82 108/187/82 112/190/82
f 106/194/83 105/183/83 107/186/83 108/187/83
f 110/195/84 109/196/84 105/183/84 106/194/84
o Container.016_Cube.016
v 0.500000 0.640856 -5.598836
v 0.500000 -0.298836 -5.940856
v 0.500000 0.298836 -4.659144
v 0.500000 -0.640856 -5.001164
v -0.500000 0.640856 -5.598836
v -0.500000 -0.298836 -5.940856
v -0.500000 0.298836 -4.659144
v -0.500000 -0.640856 -5.001164
vt 0.000108 0.000173
vt 0.000108 -0.999654
vt 0.999936 -0.999654
vt 0.999935 0.000173
vt 0.999935 1.000000
vt 1.999762 0.000173
vt 1.999762 1.000000
vt 0.999936 1.999827
vt 0.999936 2.999654
vt 0.000109 2.999654
vt 0.000109 1.999827
vt 0.000109 1.000000
vt -0.999718 1.000000
vt -0.999719 0.000174
vn 0.0000 0.9397 0.3420
vn 0.0000 -0.3420 0.9397
vn -1.0000 0.0000 0.0000
vn 0.0000 -0.9397 -0.3420
vn 1.0000 0.0000 0.0000
vn 0.0000 0.3420 -0.9397
usemtl Material
s off
f 113/197/85 117/198/85 119/199/85 115/200/85
f 116/201/86 115/200/86 119/202/86 120/203/86
f 120/204/87 119/205/87 117/206/87 118/207/87
f 118/207/88 114/208/88 116/201/88 120/204/88
f 114/208/89 113/197/89 115/200/89 116/201/89
f 118/209/90 117/210/90 113/197/90 114/208/90
o Container.017_Cube.017
v 0.500000 0.298836 -5.340856
v 0.500000 -0.640856 -4.998836
v 0.500000 0.640856 -4.401164
v 0.500000 -0.298836 -4.059144
v -0.500000 0.298836 -5.340856
v -0.500000 -0.640856 -4.998836
v -0.500000 0.640856 -4.401164
v -0.500000 -0.298836 -4.059144
vt 0.000108 0.000173
vt 0.000108 -0.999654
vt 0.999936 -0.999654
vt 0.999935 0.000173
vt 0.999935 1.000000
vt 1.999762 0.000173
vt 1.999762 1.000000
vt 0.999936 1.999827
vt 0.999936 2.999654
vt 0.000109 2.999654
vt 0.000109 1.999827
vt 0.000109 1.000000
vt -0.999718 1.000000
vt -0.999719 0.000174
vn 0.0000 0.9397 -0.3420
vn 0.0000 0.3420 0.9397
vn -1.0000 0.0000 0.0000
vn 0.0000 -0.9397 0.3420
vn 1.0000 0.0000 0.0000
vn 0.0000 -0.3420 -0.9397
usemtl Material
s off
f 121/211/91 125/212/91 127/213/91 123/214/91
f 124/215/92 123/214/92 127/216/92 128/217/92
f 128/218/93 127/219/93 125/220/93 126/221/93
f 126/221/94 122/222/94 124/215/94 128/218/94
f 122/222/95 121/211/95 123/214/95 124/215/95
f 126/223/96 125/224/96 121/211/96 122/222/96
o Container.007_Cube.018
v 7.660900 0.465124 -10.923178
v 1.441353 -1.011804 -10.923178
v 7.660900 0.465124 -7.934029
v 1.441353 -1.011804 -7.934029
v 7.429860 1.438068 -10.923178
v 1.210313 -0.038860 -10.923178
v 7.429860 1.438068 -7.934029
v 1.210313 -0.038860 -7.934029
vt 0.000108 0.000173
vt 0.000108 -0.999654
vt 0.999936 -0.999654
vt 0.999935 0.000173
vt 0.999935 1.000000
vt 1.999762 0.000173
vt 1.999762 1.000000
vt 0.999936 1.999827
vt 0.999936 2.999654
vt 0.000109 2.999654
vt 0.000109 1.999827
vt 0.000109 1.000000
vt -0.999718 1.000000
vt -0.999719 0.000174
vn 0.9729 0.2310 0.0000
vn 0.0000 0.0000 1.0000
vn -0.2310 0.9729 0.0000
vn -0.9729 -0.2310 0.0000
vn 0.2310 -0.9729 0.0000
vn 0.0000 0.0000 -1.0000
usemtl Material
s off
f 129/225/97 133/226/97 135/227/97 131/228/97
f 132/229/98 131/228/98 135/230/98 136/231/98
f 136/232/99 135/233/99 133/234/99 134/235/99
f 134/235/100 130/236/100 132/229/100 136/232/100
f 130/236/101 129/225/101 131/228/101 132/229/101
f 134/237/102 133/238/102 129/225/102 130/236/102
o Container.018_Cube.019
v 13.791840 0.406352 -10.923178
v 7.399338 0.406352 -10.923178
v 13.791840 0.406352 -7.934029
v 7.399338 0.406352 -7.934029
v 13.791840 1.406352 -10.923178
v 7.399338 1.406353 -10.923178
v 13.791840 1.406352 -7.934029
v 7.399338 1.406353 -7.934029
vt 0.000108 0.000173
vt 0.000108 -0.999654
vt 0.999936 -0.999654
vt 0.999935 0.000173
vt 0.999935 1.000000
vt 1.999762 0.000173
vt 1.999762 1.000000
vt 0.999936 1.999827
vt 0.999936 2.999654
vt 0.000109 2.999654
vt 0.000109 1.999827
vt 0.000109 1.000000
vt -0.999718 1.000000
vt -0.999719 0.000174
vn 1.0000 0.0000 0.0000
vn -0.0000 0.0000 1.0000
vn 0.0000 1.0000 0.0000
vn -1.0000 0.0000 0.0000
vn -0.0000 -1.0000 0.0000
vn 0.0000 0.0000 -1.0000
usemtl Material
s off
f 137/239/103 141/240/103 143/241/103 139/242/103
f 140/243/104 139/242/104 143/244/104 144/245/104
f 144/246/105 143/247/105 141/248/105 142/249/105
f 142/249/106 138/250/106 140/243/106 144/246/106
f 138/250/107 137/239/107 139/242/107 140/243/107
f 142/251/108 141/252/108 137/239/108 138/250/108
o Container.019_Cube.020
v 13.791840 2.166389 -15.477066
v 7.399338 2.166389 -15.477066
v 13.791840 -0.314483 -9.324280
v 7.399338 -0.314483 -9.324280
v 13.791840 3.093836 -15.103109
v 7.399338 3.093836 -15.103109
v 13.791840 0.612964 -8.950323
v 7.399338 0.612964 -8.950323
vt 0.000108 0.000173
vt 0.000108 -0.999654
vt 0.999936 -0.999654
vt 0.999935 0.000173
vt 0.999935 1.000000
vt 1.999762 0.000173
vt 1.999762 1.000000
vt 0.999936 1.999827
vt 0.999936 2.999654
vt 0.000109 2.999654
vt 0.000109 1.999827
vt 0.000109 1.000000
vt -0.999718 1.000000
vt -0.999719 0.000174
vn 1.0000 0.0000 0.0000
vn 0.0000 -0.3740 0.9274
vn -0.0000 0.9274 0.3740
vn -1.0000 0.0000 0.0000
vn 0.0000 -0.9274 -0.3740
vn 0.0000 0.3740 -0.9274
usemtl Material
s off
f 145/253/109 149/254/109 151/255/109 147/256/109
f 148/257/110 147/256/110 151/258/110 152/259/110
f 152/260/111 151/261/111 149/262/111 150/263/111
f 150/263/112 146/264/112 148/257/112 152/260/112
f 146/264/113 145/253/113 147/256/113 148/257/113
f 150/265/114 149/266/114 145/253/114 146/264/114
o Container.020_Cube.008
v 9.010502 1.915453 11.553682
v 3.667986 -1.594760 11.553682
v 9.010502 1.915453 14.542830
v 3.667986 -1.594760 14.542830
v 8.461388 2.751201 11.553682
v 3.118871 -0.759013 11.553682
v 8.461388 2.751201 14.542830
v 3.118871 -0.759013 14.542830
vt 0.000108 0.000173
vt 0.000108 -0.999654
vt 0.999936 -0.999654
vt 0.999935 0.000173
vt 0.999935 1.000000
vt 1.999762 0.000173
vt 1.999762 1.000000
vt 0.999936 1.999827
vt 0.999936 2.999654
vt 0.000109 2.999654
vt 0.000109 1.999827
vt 0.000109 1.000000
vt -0.999718 1.000000
vt -0.999719 0.000174
vn 0.8357 0.5491 0.0000
vn 0.0000 0.0000 1.0000
vn -0.5491 0.8357 0.0000
vn -0.8357 -0.5491 0.0000
vn 0.5491 -0.8357 0.0000
vn 0.0000 0.0000 -1.0000
usemtl Material
s off
f 153/267/115 157/268/115 159/269/115 155/270/115
f 156/271/116 155/270/116 159/272/116 160/273/116
f 160/274/117 159/275/117 157/276/117 158/277/117
f 158/277/118 154/278/118 156/271/118 160/274/118
f 154/278/119 153/267/119 155/270/119 156/271/119
f 158/279/120 157/280/120 153/267/120 154/278/120
o Container.021_Cube.021
v 14.821290 1.749666 11.553682
v 8.428788 1.749667 11.553682
v 14.821290 1.749666 14.542830
v 8.428788 1.749667 14.542830
v 14.821290 2.749666 11.553682
v 8.428788 2.749667 11.553682
v 14.821290 2.749666 14.542830
v 8.428788 2.749667 14.542830
vt 0.000108 0.000173
vt 0.000108 -0.999654
vt 0.999936 -0.999654
vt 0.999935 0.000173
vt 0.999935 1.000000
vt 1.999762 0.000173
vt 1.999762 1.000000
vt 0.999936 1.999827
vt 0.999936 2.999654
vt 0.000109 2.999654
vt 0.000109 1.999827
vt 0.000109 1.000000
vt -0.999718 1.000000
vt -0.999719 0.000174
vn 1.0000 0.0000 0.0000
vn -0.0000 0.0000 1.0000
vn 0.0000 1.0000 0.0000
vn -1.0000 0.0000 0.0000
vn -0.0000 -1.0000 0.0000
vn 0.0000 0.0000 -1.0000
usemtl Material
s off
f 161/281/121 165/282/121 167/283/121 163/284/121
f 164/285/122 163/284/122 167/286/122 168/287/122
f 168/288/123 167/289/123 165/290/123 166/291/123
f 166/291/124 162/292/124 164/285/124 168/288/124
f 162/292/125 161/281/125 163/284/125 164/285/125
f 166/293/126 165/294/126 161/281/126 162/292/126
o Container.022_Cube.022
v 11.700039 1.272231 6.579166
v 11.550039 1.272231 6.579166
v 11.700039 2.606317 11.706432
v 11.550039 2.606317 11.706432
v 11.700039 1.417398 6.541395
v 11.550039 1.417398 6.541395
v 11.700039 2.751484 11.668661
v 11.550039 2.751484 11.668661
vt 0.000108 0.000173
vt 0.000108 -0.999654
vt 0.999936 -0.999654
vt 0.999935 0.000173
vt 0.999935 1.000000
vt 1.999762 0.000173
vt 1.999762 1.000000
vt 0.999936 1.999827
vt 0.999936 2.999654
vt 0.000109 2.999654
vt 0.000109 1.999827
vt 0.000109 1.000000
vt -0.999718 1.000000
vt -0.999719 0.000174
vn 1.0000 0.0000 0.0000
vn 0.0000 0.2518 0.9678
vn 0.0000 0.9678 -0.2518
vn -1.0000 -0.0000 0.0000
vn 0.0000 -0.9678 0.2518
vn 0.0000 -0.2518 -0.9678
usemtl Material
s off
f 169/295/127 173/296/127 175/297/127 171/298/127
f 172/299/128 171/298/128 175/300/128 176/301/128
f 176/302/129 175/303/129 173/304/129 174/305/129
f 174/305/130 170/306/130 172/299/130 176/302/130
f 170/306/131 169/295/131 171/298/131 172/299/131
f 174/307/132 173/308/132 169/295/132 170/306/132
o Container.023_Cube.023
v 12.752375 1.272231 6.579166
v 12.602375 1.272231 6.579166
v 12.752375 2.606317 11.706432
v 12.602375 2.606317 11.706432
v 12.752375 1.417398 6.541395
v 12.602375 1.417398 6.541395
v 12.752375 2.751484 11.668661
v 12.602375 2.751484 11.668661
vt 0.000108 0.000173
vt 0.000108 -0.999654
vt 0.999936 -0.999654
vt 0.999935 0.000173
vt 0.999935 1.000000
vt 1.999762 0.000173
vt 1.999762 1.000000
vt 0.999936 1.999827
vt 0.999936 2.999654
vt 0.000109 2.999654
vt 0.000109 1.999827
vt 0.000109 1.000000
vt -0.999718 1.000000
vt -0.999719 0.000174
vn 1.0000 0.0000 0.0000
vn 0.0000 0.2518 0.9678
vn 0.0000 0.9678 -0.2518
vn -1.0000 0.0000 0.0000
vn 0.0000 -0.9678 0.2518
vn 0.0000 -0.2518 -0.9678
usemtl Material
s off
f 177/309/133 181/310/133 183/311/133 179/312/133
f 180/313/134 179/312/134 183/314/134 184/315/134
f 184/316/135 183/317/135 181/318/135 182/319/135
f 182/319/136 178/320/136 180/313/136 184/316/136
f 178/320/137 177/309/137 179/312/137 180/313/137
f 182/321/138 181/322/138 177/309/138 178/320/138
o Container.024_Cube.024
v 12.972198 -0.019804 6.280464
v 12.429272 -0.681493 5.763358
v 12.719966 -0.478648 7.132427
v 12.177040 -1.140337 6.615321
v 12.171192 0.573180 6.362683
v 11.628266 -0.088509 5.845577
v 11.918961 0.114336 7.214646
v 11.376034 -0.547353 6.697541
vt 0.000108 0.000173
vt 0.000108 -0.999654
vt 0.999936 -0.999654
vt 0.999935 0.000173
vt 0.999935 1.000000
vt 1.999762 0.000173
vt 1.999762 1.000000
vt 0.999936 1.999827
vt 0.999936 2.999654
vt 0.000109 2.999654
vt 0.000109 1.999827
vt 0.000109 1.000000
vt -0.999718 1.000000
vt -0.999719 0.000174
vn 0.5429 0.6617 0.5171
vn -0.2522 -0.4588 0.8520
vn -0.8010 0.5930 0.0822
vn -0.5429 -0.6617 -0.5171
vn 0.8010 -0.5930 -0.0822
vn 0.2522 0.4588 -0.8520
usemtl Material
s off
f 185/323/139 189/324/139 191/325/139 187/326/139
f 188/327/140 187/326/140 191/328/140 192/329/140
f 192/330/141 191/331/141 189/332/141 190/333/141
f 190/333/142 186/334/142 188/327/142 192/330/142
f 186/334/143 185/323/143 187/326/143 188/327/143
f 190/335/144 189/336/144 185/323/144 186/334/144
o Container.025_Cube.025
v 13.251417 0.930348 4.046167
v 12.708490 0.268659 3.529061
v 12.999185 0.471504 4.898130
v 12.456259 -0.190185 4.381024
v 12.450411 1.523332 4.128386
v 11.907485 0.861643 3.611280
v 12.198179 1.064488 4.980350
v 11.655252 0.402799 4.463244
vt 0.000108 0.000173
vt 0.000108 -0.999654
vt 0.999936 -0.999654
vt 0.999935 0.000173
vt 0.999935 1.000000
vt 1.999762 0.000173
vt 1.999762 1.000000
vt 0.999936 1.999827
vt 0.999936 2.999654
vt 0.000109 2.999654
vt 0.000109 1.999827
vt 0.000109 1.000000
vt -0.999718 1.000000
vt -0.999719 0.000174
vn 0.5429 0.6617 0.5171
vn -0.2522 -0.4588 0.8520
vn -0.8010 0.5930 0.0822
vn -0.5429 -0.6617 -0.5171
vn 0.8010 -0.5930 -0.0822
vn 0.2522 0.4588 -0.8520
usemtl Material
s off
f 193/337/145 197/338/145 199/339/145 195/340/145
f 196/341/146 195/340/146 199/342/146 200/343/146
f 200/344/147 199/345/147 197/346/147 198/347/147
f 198/347/148 194/348/148 196/341/148 200/344/148
f 194/348/149 193/337/149 195/340/149 196/341/149
f 198/349/150 197/350/150 193/337/150 194/348/150
o Container.026_Cube.026
v 14.655144 0.716218 5.313106
v 13.886093 0.385858 4.765910
v 14.217397 0.364617 6.140605
v 13.448346 0.034256 5.593408
v 14.189376 1.592139 5.438891
v 13.420325 1.261779 4.891694
v 13.751629 1.240538 6.266389
v 12.982578 0.910178 5.719193
vt 0.000108 0.000173
vt 0.000108 -0.999654
vt 0.999936 -0.999654
vt 0.999935 0.000173
vt 0.999935 1.000000
vt 1.999762 0.000173
vt 1.999762 1.000000
vt 0.999936 1.999827
vt 0.999936 2.999654
vt 0.000109 2.999654
vt 0.000109 1.999827
vt 0.000109 1.000000
vt -0.999718 1.000000
vt -0.999719 0.000174
vn 0.7691 0.3304 0.5472
vn -0.4377 -0.3516 0.8275
vn -0.4658 0.8759 0.1258
vn -0.7691 -0.3304 -0.5472
vn 0.4658 -0.8759 -0.1258
vn 0.4377 0.3516 -0.8275
usemtl Material
s off
f 201/351/151 205/352/151 207/353/151 203/354/151
f 204/355/152 203/354/152 207/356/152 208/357/152
f 208/358/153 207/359/153 205/360/153 206/361/153
f 206/361/154 202/362/154 204/355/154 208/358/154
f 202/362/155 201/351/155 203/354/155 204/355/155
f 206/363/156 205/364/156 201/351/156 202/362/156
o Container.027_Cube.027
v 11.452024 1.081319 5.449067
v 11.008823 0.421376 4.842398
v 11.059818 0.615522 6.242293
v 10.616618 -0.044421 5.635624
v 10.645955 1.670817 5.396675
v 10.202755 1.010874 4.790006
v 10.253750 1.205020 6.189901
v 9.810549 0.545076 5.583232
vt 0.000108 0.000173
vt 0.000108 -0.999654
vt 0.999936 -0.999654
vt 0.999935 0.000173
vt 0.999935 1.000000
vt 1.999762 0.000173
vt 1.999762 1.000000
vt 0.999936 1.999827
vt 0.999936 2.999654
vt 0.000109 2.999654
vt 0.000109 1.999827
vt 0.000109 1.000000
vt -0.999718 1.000000
vt -0.999719 0.000174
vn 0.4432 0.6599 0.6067
vn -0.3922 -0.4658 0.7932
vn -0.8061 0.5895 -0.0524
vn -0.4432 -0.6599 -0.6067
vn 0.8061 -0.5895 0.0524
vn 0.3922 0.4658 -0.7932
usemtl Material
s off
f 209/365/157 213/366/157 215/367/157 211/368/157
f 212/369/158 211/368/158 215/370/158 216/371/158
f 216/372/159 215/373/159 213/374/159 214/375/159
f 214/375/160 210/376/160 212/369/160 216/372/160
f 210/376/161 209/365/161 211/368/161 212/369/161
f 214/377/162 213/378/162 209/365/162 210/376/162
